0.0 0.040794769999820346
0.0 0.061258089999910226
0.0 0.08167764999984684
0.0 0.10205934099985825
0.0 0.14289472199993725
0.0 0.16337816999998722
0.0 0.1837999529998342
0.0 0.20421032899980673
0.0 0.244934062999846
0.0 0.2653457719998187
0.0 0.28589294199991855
0.0 0.30633589099988967
0.0 0.3269757819998631
0.0 0.3675454809999792
0.0 0.3879507639999247
0.0 0.40849460099980206
0.0 0.429001678999839
0.0 0.46967469199989864
0.0 0.4900009020000198
0.0 0.5104510549999759
0.0 0.5309692069999983
0.0 0.5514282479998656
0.0 0.5921319639999183
0.0 0.6125100069998552
0.0 0.6329355859998032
0.0 0.653338961999907
0.0 0.6940067890000137
0.0 0.7143996649999735
0.0 0.7347862449998956
0.0 0.7551051399998414
0.0 0.7754449609999483
0.0 0.8160917149998568
0.0 0.8365702930000225
0.0 0.8569434649998584
0.0 0.8775143389998448
0.0 0.9183160899999621
0.0 0.9388134649998392
0.0 0.9593258389998027
0.0 0.9800373399998534
0.0 1.000737878999871
0.0 1.0415969069999846
0.0 1.061996967999903
0.0 1.082551156999898
0.0 1.103155807999883
0.0 1.1438669679998839
0.0 1.164420489999884
0.0 1.1848360129999946
0.0 1.205217575000006
0.0 1.2257550780000201
0.0 1.266598995999857
0.0 1.2870030749998023
0.0 1.307475894999925
0.0 1.3280189170000085
0.0 1.3686915959999624
0.0 1.3890817309998056
0.0 1.4095035509999434
0.0 1.4299621109998952
0.0 1.4504147829998146
0.0 1.4911143879999145
0.0 1.511552040999959
0.0 1.532002304999878
0.0 1.5525256049998006
0.0 1.5931632479998825
0.0 1.613655936999976
0.0 1.6339762399998108
0.0 1.6543260609998924
0.0 1.6949810739999975
0.0 1.715393597000002
0.0 1.7358951379999326
0.0 1.7563322359999347
0.0 1.7767011309999816
0.0 1.8174538270000085
0.0 1.8378728139998657
0.0 1.858341911000025
0.0 1.8786977509998906
0.0 1.919327967999834
0.0 1.9399168219999865
0.0 1.9604052529998626
0.0 1.980696129999842
0.0 2.0010441729998547
0.0 2.041734832999964
0.0 2.062144967999984
0.0 2.0825974729998507
0.0 2.1032648639998115
0.0 2.1439815429998816
0.0 2.164383806999922
0.0 2.184707924999884
0.0 2.2050970419998066
0.0 2.2254337699998814
0.0 2.2661312079999334
0.0 2.2865130289999342
0.0 2.3069012939999993
0.0 2.3273668729998462
0.0 2.368003700999907
0.0 2.38833441099996
0.0 2.4088228409998464
0.0 2.429268697999987
0.0 2.4700028949998796
0.0 2.490360215999999
0.0 2.510790627999995
0.0 2.531176060000007
0.0 2.551501491999943
0.0 2.5923700209998515
0.0 2.6128080259998114
0.0 2.6332615310000165
0.0 2.653723054000011
0.0 2.6944805099999485
0.0 2.7149147369998445
0.0 2.735298427999851
0.0 2.756267443999832
0.0 2.776887577000025
0.0 2.8176109029998315
0.0 2.838176776999944
0.0 2.8585723940000207
0.0 2.879120063999835
0.0 2.9198356869999316
0.0 2.9402948219999416
0.0 2.960799454999915
0.0 2.9812223310000263
0.0 3.0016476509999848
0.0 3.0424566059998597
0.0 3.062968535999971
0.0 3.083423966999817
0.0 3.103919397000027
0.0 3.144729352000013
0.0 3.165258614999857
0.0 3.1857345639998584
0.0 3.206282400999953
0.0 3.226830811999889
0.0 3.2675456949998534
0.0 3.2878887749998285
0.0 3.308251706999954
0.0 3.328674211999896
0.0 3.3694474639999044
0.0 3.389931209999986
0.0 3.4103908439999486
0.0 3.430838607999931
0.0 3.4512147440000263
0.0 3.491904588999887
0.0 3.512226651999981
0.0 3.5325786019998304
0.0 3.5529268489999595
0.0 3.593658213000026
0.0 3.6141227179998623
0.0 3.6345642779999707
0.0 3.6550700049999705
0.0 3.6754038449998916
0.0 3.7161497079998753
0.0 3.7365301769998496
0.0 3.756973033999884
0.0 3.777364205999902
0.0 3.8181138289999126
0.0 3.838478797999869
0.0 3.859113374999879
0.0 3.879532620999953
0.0 3.900039864999826
0.0 3.9408417279998957
0.0 3.9615026750000197
0.0 3.9820135859999937
0.0 4.002453035999906
0.0 4.043173215000024
0.0 4.063629052999886
0.0 4.084137760999965
0.0 4.104916297999807
0.0 4.125499948999959
0.0 4.166377829999874
0.0 4.186834334999958
0.0 4.207239617999903
0.0 4.227719269999852
0.0 4.268581484999913
0.0 4.289025192999816
0.0 4.3094600499998705
0.0 4.329923758999939
0.0 4.350409318999937
0.0 4.391337957999895
0.0 4.4117907029999515
0.0 4.432271522999827
0.0 4.452902859000005
0.0 4.493780164999862
0.0 4.514372538999851
0.0 4.534859598999901
0.0 4.555281141000023
0.0 4.5757142759998715
0.0 4.616345992999868
0.0 4.636671072999889
0.0 4.657206911000003
0.0 4.677711932999955
0.0 4.718498907999901
0.0 4.7388184509998155
0.0 4.759216919999972
0.0 4.779667146999827
0.0 4.800012115999834
0.0 4.840851219999877
0.0 4.861299853999981
0.0 4.88178293299984
0.0 4.902385935999973
0.0 4.943120169999929
0.0 4.963703283999848
0.0 4.984125585999891
0.0 5.0045908129998224
0.0 5.045201549000012
0.0 5.065579054999944
0.0 5.086053781999908
0.0 5.106376287999865
0.0 5.126865682000016
0.0 5.167613766999921
0.0 5.187946810999847
0.0 5.2083719269999165
0.0 5.2288312839998525
0.0 5.269640868999886
0.0 5.289989226999978
0.0 5.310421898999948
0.0 5.33095864400002
0.0 5.351364353000008
0.0 5.392018125999812
0.0 5.412544703999856
0.0 5.4330102829999305
0.0 5.4533528259999
0.0 5.494027801999891
0.0 5.514429603999815
0.0 5.534811109999964
0.0 5.555140801999869
0.0 5.575669675999961
0.0 5.616495186999828
0.0 5.636919284999976
0.0 5.657364641999948
0.0 5.677804238999897
0.0 5.718350642999894
0.0 5.738753333999966
0.0 5.759268744999872
0.0 5.779668417999801
0.0 5.820331319999923
0.0 5.840838008999981
0.0 5.8613156619999245
0.0 5.881655482999804
0.0 5.902093746999981
0.0 5.942927646999806
0.0 5.963280264999867
0.0 5.983609233999914
0.0 6.004036201999952
0.0 6.044685141999935
0.0 6.065059017999829
0.0 6.085517077999839
0.0 6.105983101999982
0.0 6.126384755999879
0.0 6.167189766999854
0.0 6.187608067999918
0.0 6.208016462999922
0.0 6.2282909890000155
0.0 6.268929335999928
0.0 6.2894646539998575
0.0 6.309807012999954
0.0 6.330203832999814
0.0 6.350608097999839
0.0 6.391370128999824
0.0 6.4117819670000245
0.0 6.432232916999965
0.0 6.452757457999951
0.0 6.493725985999845
0.0 6.514393727999959
0.0 6.534950213999991
0.0 6.555372551999881
0.0 6.576017461999982
0.0 6.616772288999982
0.0 6.637258664000001
0.0 6.657739112999934
0.0 6.67826130200001
0.0 6.719325957999899
0.0 6.739774722999982
0.0 6.760212819999879
0.0 6.780683991999922
0.0 6.801126440999951
0.0 6.8419970439999815
0.0 6.862586770000007
0.0 6.883094273999859
0.0 6.90345222499991
0.0 6.944153459999825
0.0 6.964513187999955
0.0 6.9848612499999945
0.0 7.005165404999843
0.0 7.02560487300002
0.0 7.066451642999937
0.0 7.086880629999996
0.0 7.107385726999837
0.0 7.127893619999895
0.0 7.16862811399983
0.0 7.189085396999872
0.0 7.209656307999921
0.0 7.230067645999952
0.0 7.250437781999835
0.0 7.291089017999866
0.0 7.311527818999821
0.0 7.3320495829998436
0.0 7.352362496999831
0.0 7.393078027999991
0.0 7.413558865999903
0.0 7.4338980210000045
0.0 7.454287785999895
0.0 7.494983650999984
0.0 7.5154437669998515
0.0 7.535919715999853
0.0 7.556234166999957
0.0 7.576652691999925
0.0 7.6172683170000255
0.0 7.637722950999887
0.0 7.65815197500001
0.0 7.678581203000022
0.0 7.7193480290000025
0.0 7.739719368999886
0.0 7.760051134999912
0.0 7.780391623000014
0.0 7.800869238999894
0.0 7.841653694999877
0.0 7.8620720889998665
0.0 7.882417447999842
0.0 7.902886248999948
0.0 7.943500484999959
0.0 7.963933026999939
0.0 7.984353939999892
0.0 8.004799963999858
0.0 8.025229042999854
0.0 8.066223792999835
0.0 8.086691926999947
0.0 8.107119044000001
0.0 8.12755325299986
0.0 8.168267376999893
0.0 8.188568438999937
0.0 8.208902242000022
0.0 8.229271414999857
0.0 8.269869595999808
0.0 8.290180398999837
0.0 8.310691700000007
0.0 8.331193964000022
0.0 8.351619820999986
0.0 8.392332833999944
0.0 8.412750153999923
0.0 8.433100234999984
0.0 8.453486425999927
0.0 8.494305510999993
0.0 8.51468196199994
0.0 8.535108855999852
0.0 8.5555304909999
0.0 8.575978478000025
0.0 8.61678578599981
0.0 8.637221290999832
0.0 8.6576813329998
0.0 8.678121467999972
0.0 8.71863283499988
0.0 8.739022655999861
0.0 8.75945164299992
0.0 8.779924221999863
0.0 8.800443577999886
0.0 8.84106953599985
0.0 8.861571780999839
0.0 8.881967360999852
0.0 8.902408143999992
0.0 8.943211377999887
0.0 8.96365901299987
0.0 8.984058925999989
0.0 9.004535448999832
0.0 9.04523055499999
0.0 9.06573335600001
0.0 9.086144138999998
0.0 9.10670088400002
0.0 9.127219350999894
0.0 9.168050416999904
0.0 9.188528792999932
0.0 9.20910625900001
0.0 9.229547004999858
0.0 9.250052453999842
0.0 9.290832057999978
0.0 9.311239009000019
0.0 9.331706179999856
0.0 9.352050446000021
0.0 9.392635645999917
0.0 9.413028836999956
0.0 9.433514637999906
0.0 9.454011364999815
0.0 9.495062594999808
0.0 9.515658894999888
0.0 9.536136676999831
0.0 9.556829568000012
0.0 9.577519791999975
0.0 9.61827928599996
0.0 9.639078434999874
0.0 9.65991411999994
0.0 9.680299699999978
0.0 9.70069027999989
0.0 9.741789639999979
0.0 9.762269236999828
0.0 9.782725778999975
0.0 9.803398058999846
0.0 9.84414620099983
0.0 9.864488170999948
0.0 9.884903176999842
0.0 9.90537786699997
0.0 9.92586513099991
0.0 9.96668762299987
0.0 9.987138757999901
0.0 10.007592225999815
0.0 10.027924084999995
0.0 10.068732151999939
0.0 10.089270729999953
0.0 10.109634643999925
0.0 10.12999942800002
0.0 10.150437784999895
0.0 10.191129132000015
0.0 10.211540562999971
0.0 10.231861810999817
0.0 10.252347592999968
0.0 10.29317871599983
0.0 10.313536314999965
0.0 10.334049412000013
0.0 10.354510083999912
0.0 10.375008865999916
0.0 10.41577567499985
0.0 10.4361674029999
0.0 10.456722592000006
0.0 10.477160078999987
0.0 10.517967238999972
0.0 10.538341429999946
0.0 10.558920673999864
0.0 10.579411622999942
0.0 10.620099451999977
0.0 10.640553048999891
0.0 10.661031646999845
0.0 10.681407411999999
0.0 10.701795991999916
0.0 10.742495486999815
0.0 10.762801734999812
0.0 10.783192721999967
0.0 10.803600653999865
0.0 10.844176983999887
0.0 10.864600025999835
0.0 10.885100048999902
0.0 10.90553862899992
0.0 10.925998522999862
0.0 10.966727460999891
0.0 10.987110041999813
0.0 11.007570787999839
0.0 11.02805632899981
0.0 11.068633121999937
0.0 11.089118552999935
0.0 11.109489337000014
0.0 11.129911897999818
0.0 11.150357717999896
0.0 11.191139174
0.0 11.211713158999828
0.0 11.232272588999876
0.0 11.252717816999848
0.0 11.293516383999986
0.0 11.313983036999844
0.0 11.33433752499991
0.0 11.354852418999826
0.0 11.375327052999864
0.0 11.416051769999967
0.0 11.4366650689999
0.0 11.457145258999844
0.0 11.477564320999818
0.0 11.518244722999953
0.0 11.538635950999833
0.0 11.55908043799991
0.0 11.579657127000019
0.0 11.600240370999927
0.0 11.641181176999908
0.0 11.661511294999855
0.0 11.681899856999962
0.0 11.70242063899991
0.0 11.74345235199985
0.0 11.76407879899989
0.0 11.784508285999891
0.0 11.804992012999946
0.0 11.825370167999836
0.0 11.866213382999831
0.0 11.886787442000013
0.0 11.907366037999964
0.0 11.927747506999822
0.0 11.968522518999862
0.0 11.98928900199985
0.0 12.009767746999842
0.0 12.030234289999953
0.0 12.050737719999915
0.0 12.091615545999957
0.0 12.112048976999858
0.0 12.132541610999851
0.0 12.153052837999894
0.0 12.193748887999845
0.0 12.214173430999836
0.0 12.234600251999836
0.0 12.255103070999894
0.0 12.27567953799985
0.0 12.316266756000005
0.0 12.336565004000022
0.0 12.356902195999965
0.0 12.377201054999887
0.0 12.41800758599993
0.0 12.43860236699993
0.0 12.459198851999872
0.0 12.479922890999887
0.0 12.500358377999873
0.0 12.541272202999835
0.0 12.561733374999903
0.0 12.5821738059999
0.0 12.602523238999993
0.0 12.643111882999847
0.0 12.663483203999931
0.0 12.683952153999826
0.0 12.704421843999853
0.0 12.745135986999912
0.0 12.765623306999942
0.0 12.786172161999957
0.0 12.806627204999813
0.0 12.827223818999983
0.0 12.868002497999896
0.0 12.888354467999989
0.0 12.908710621999944
0.0 12.929465549999804
0.0 12.950161828999853
0.0 12.991189578999865
0.0 13.011626473999968
0.0 13.032138626000005
0.0 13.052817146999814
0.0 13.093915247999803
0.0 13.114385716000015
0.0 13.134822961999816
0.0 13.155456816999958
0.0 13.175899914999945
0.0 13.217000551999945
0.0 13.2377010539999
0.0 13.258171910999863
0.0 13.278622434999988
0.0 13.31928381900002
0.0 13.339937117999852
0.0 13.360312142999874
0.0 13.380692556999975
0.0 13.401046840999925
0.0 13.44198546299981
0.0 13.46251644799986
0.0 13.483104007999827
0.0 13.503645159999905
0.0 13.544437302000006
0.0 13.564871899999844
0.0 13.58537377499988
0.0 13.60594633400001
0.0 13.62650733800001
0.0 13.667217499999879
0.0 13.687624616999983
0.0 13.70808091799995
0.0 13.728674144000024
0.0 13.769646356999829
0.0 13.790040622999868
0.0 13.81043125899987
0.0 13.830803338999885
0.0 13.851172159999805
0.0 13.891851729999871
0.0 13.912216124999986
0.0 13.932815591000008
0.0 13.953407649999917
0.0 13.994034960999898
0.0 14.014548428999888
0.0 14.035250133999853
0.0 14.055859637999902
0.0 14.076331308999897
0.0 14.117143542999884
0.0 14.137736010000026
0.0 14.15847651099989
0.0 14.178977182999915
0.0 14.219775120999884
0.0 14.240101016999915
0.0 14.260459559999845
0.0 14.280838788999972
0.0 14.30143586700001
0.0 14.34222402699993
0.0 14.362609625999994
0.0 14.383180907999986
0.0 14.403693004999923
0.0 14.444726605999904
0.0 14.46531722099985
0.0 14.486021316000006
0.0 14.506693910999957
0.0 14.527215933999969
0.0 14.567993723999962
0.0 14.58851178399982
0.0 14.609113138999874
0.0 14.629791049000005
0.0 14.650274572999933
0.0 14.69121787899985
0.0 14.711776327999814
0.0 14.732390515999896
0.0 14.752943852999806
0.0 14.793626088999872
0.0 14.81410046499991
0.0 14.834584024999913
0.0 14.85490868099987
0.0 14.875312241999836
0.0 14.916297177999922
0.0 14.93689914399988
0.0 14.957440055999996
0.0 14.977804655
0.0 15.018564278999975
0.0 15.039068986999837
0.0 15.059592806999945
0.0 15.079964979999886
0.0 15.100416743999858
0.0 15.141361532000019
0.0 15.162019515999873
0.0 15.182768813999928
0.0 15.203415094999855
0.0 15.24451588099987
0.0 15.264981755999997
0.0 15.285635017999994
0.0 15.306518017999906
0.0 15.326928116999852
0.0 15.368057679999993
0.0 15.388570370000025
0.0 15.409065115999965
0.0 15.429703914999891
0.0 15.450458990000016
0.0 15.491289612999935
0.0 15.511710655999877
0.0 15.532071180999992
0.0 15.552429651000011
0.0 15.593066905999876
0.0 15.613681816999815
0.0 15.634397836999824
0.0 15.654779824999878
0.0 15.67525551599988
0.0 15.716222765999873
0.0 15.73686478799982
0.0 15.757368810999878
0.0 15.77789648199996
0.0 15.818873713999892
0.0 15.839506957999902
0.0 15.859916185999964
0.0 15.880292599999848
0.0 15.90066849599998
0.0 15.941360286999952
0.0 15.961810644000025
0.0 15.982176668999955
0.0 16.002498935999938
0.0 16.043393409999908
0.0 16.06407513499994
0.0 16.08446254799992
0.0 16.104790128999866
0.0 16.125140728999895
0.0 16.16578431699986
0.0 16.186337932000015
0.0 16.20689141799994
0.0 16.227623845999915
0.0 16.268608817999848
0.0 16.289065212999958
0.0 16.309629623999854
0.0 16.330217516999937
0.0 16.350568504999956
0.0 16.391300999999885
0.0 16.411944446999996
0.0 16.43262591299981
0.0 16.45295512299981
0.0 16.49398009599986
0.0 16.51449082299996
0.0 16.535054511999988
0.0 16.555537349999895
0.0 16.576092724999853
0.0 16.616871088999915
0.0 16.63728189199992
0.0 16.657884802999888
0.0 16.678445824999926
0.0 16.71923815199989
0.0 16.739771045999987
0.0 16.760267920999922
0.0 16.780703259999882
0.0 16.80108904399981
0.0 16.84195996299991
0.0 16.862409838999838
0.0 16.882944750999968
0.0 16.903388145000008
0.0 16.94411256599983
0.0 16.964598385999807
0.0 16.985069724999903
0.0 17.0057808749998
0.0 17.026549727999964
0.0 17.06734266599983
0.0 17.087776467999902
0.0 17.10818128899996
0.0 17.128706405000003
0.0 17.169627026999933
0.0 17.190612302999853
0.0 17.21105197499992
0.0 17.231417518999933
0.0 17.251848579999887
0.0 17.292626573999996
0.0 17.313037931999816
0.0 17.33350040099981
0.0 17.35398397999984
0.0 17.395088617999818
0.0 17.415517734999867
0.0 17.435998851000022
0.0 17.456762148999815
0.0 17.477455002999932
0.0 17.51851545699992
0.0 17.538963776999935
0.0 17.55954163299998
0.0 17.580149894999977
0.0 17.600684825999906
0.0 17.64162109599988
0.0 17.66220546999989
0.0 17.68292610100002
0.0 17.703661306999948
0.0 17.744527818999813
0.0 17.765084192999893
0.0 17.78566478899984
0.0 17.806343735999917
0.0 17.82669322499987
0.0 17.86750682999991
0.0 17.88792694699987
0.0 17.908386933999964
0.0 17.928934918999857
0.0 17.96965869199994
0.0 17.9906819119999
0.0 18.011110491999943
0.0 18.031635996999967
0.0 18.05215237199991
0.0 18.093046049999884
0.0 18.113501832999873
0.0 18.134971769999993
0.0 18.155480644999898
0.0 18.176337959999955
0.0 18.21734774699985
0.0 18.237994990999823
0.0 18.258615141999826
0.0 18.27924079399986
0.0 18.320016472999896
0.0 18.340742716000022
0.0 18.361422051999853
0.0 18.382083628999908
0.0 18.402426635999973
0.0 18.443410163999943
0.0 18.463988019999988
0.0 18.484609819999832
0.0 18.50502376999998
0.0 18.525643125999977
0.0 18.566531489
0.0 18.586913847000005
0.0 18.60741333399983
0.0 18.627930022999863
0.0 18.668660778000003
0.0 18.689145800999995
0.0 18.709553899999946
0.0 18.729900518000022
0.0 18.75035244999981
0.0 18.791223386999945
0.0 18.811905444999866
0.0 18.832437245999927
0.0 18.852900195999837
0.0 18.89353504399992
0.0 18.914140750999877
0.0 18.934557109000025
0.0 18.955083039999863
0.0 18.97548480499995
0.0 19.01642676099982
0.0 19.037231983999845
0.0 19.057703951999883
0.0 19.07837867699982
0.0 19.11943866699994
0.0 19.139968615999805
0.0 19.160440232999917
0.0 19.181080031999954
0.0 19.20169501700002
0.0 19.24283113599995
0.0 19.263307511999983
0.0 19.283752943999843
0.0 19.30427448499995
0.0 19.345411789999844
0.0 19.365986348999968
0.0 19.386497890999863
0.0 19.406850490999886
0.0 19.427439938999896
0.0 19.468318042999954
0.0 19.488828529999864
0.0 19.50925460999997
0.0 19.529900020000014
0.0 19.55028067499984
0.0 19.591142223999896
0.0 19.611531674999924
0.0 19.63197477299991
0.0 19.65247142599992
0.0 19.693345142
0.0 19.713777961999995
0.0 19.734344243999885
0.0 19.75474704699991
0.0 19.775264014999948
0.0 19.815895991999923
0.0 19.836223425999833
0.0 19.85676070799991
0.0 19.877212825000015
0.0 19.91797657899997
0.0 19.93838849199983
0.0 19.95901810700002
0.0 19.979385353999987
0.0 20.02000451699996